nomergers_a60s60 : 2.2946736203621754e-5
limitedmergers_a20s50 : 9.614994880280392e-7
limitedmergers_a30s50 : 9.883870610849499e-7
limitedmergers_a40s50 : 9.898077841796749e-7
limitedmergers_a50s50 : 9.640026696899895e-7
limitedmergers_a10s60 : 9.65655507556562e-7
limitedmergers_a20s60 : 9.564335421430314e-7
limitedmergers_a30s60 : 9.877947100278561e-7
limitedmergers_a40s60 : 9.59922411780667e-7
limitedmergers_a50s60 : 9.72295300272208e-7
limitedmergers_a60s60 : 9.726847967073127e-7
limitedmergers_a70s60 : 9.507378848638837e-7
limitedmergers_a10s70 : 9.748809723930663e-7
limitedmergers_a20s70 : 9.979775050794615e-7
limitedmergers_a30s70 : 9.512159095947936e-7
limitedmergers_a40s70 : 9.704459884574135e-7
limitedmergers_a50s70 : 9.56945218177907e-7
limitedmergers_a60s70 : 9.905725288916756e-7
limitedmergers_a70s70 : 9.523219635099167e-7
limitedmergers_a80s70 : 9.641117717507086e-7
limitedmergers_a10s80 : 9.454032632305598e-7
limitedmergers_a20s80 : 9.998585568382623e-7
limitedmergers_a30s80 : 9.666548415054876e-7
limitedmergers_a40s80 : 9.828388307653313e-7
limitedmergers_a50s80 : 9.98041752353629e-7
limitedmergers_a60s80 : 9.19627497708575e-7
limitedmergers_a70s80 : 9.86174037542753e-7
limitedmergers_a80s80 : 9.863674552690327e-7
limitedmergers_a90s80 : 9.704972114832344e-7
limitedmergers_a10s90 : 7.773688963652603e-7
limitedmergers_a20s90 : 9.661721751541563e-7
limitedmergers_a30s90 : 9.60085392520682e-7
limitedmergers_a40s90 : 9.397592766191565e-7
limitedmergers_a50s90 : 9.93918599867527e-7
limitedmergers_a60s90 : 9.672175824704254e-7
limitedmergers_a70s90 : 9.882041291930932e-7
limitedmergers_a80s90 : 9.491262860095162e-7
nomergers_a60s60 : 2.327605969476565e-5
datasharing_a40s90 : 8.932176731590857e-7
limitedmergers_a20s50 : 9.614799818535857e-7
limitedmergers_a30s50 : 9.88411370528297e-7
limitedmergers_a40s50 : 9.898041088973741e-7
limitedmergers_a50s50 : 9.640037212932384e-7
limitedmergers_a10s60 : 9.656555057802052e-7
limitedmergers_a20s60 : 9.564335421430314e-7
limitedmergers_a30s60 : 9.87794667395292e-7
limitedmergers_a40s60 : 9.599223762535303e-7
limitedmergers_a50s60 : 9.72295298495851e-7
limitedmergers_a60s60 : 9.741840170107707e-7
limitedmergers_a70s60 : 9.535570724139575e-7
limitedmergers_a10s70 : 9.748809937093483e-7
limitedmergers_a20s70 : 9.979775050794615e-7
limitedmergers_a30s70 : 9.512159131475073e-7
limitedmergers_a40s70 : 9.704459849046998e-7
limitedmergers_a50s70 : 9.632097377476612e-7
limitedmergers_a60s70 : 9.905725608660987e-7
limitedmergers_a70s70 : 9.682143549127886e-7
limitedmergers_a80s70 : 9.64111125156819e-7
limitedmergers_a10s80 : 9.911476261947882e-7
limitedmergers_a20s80 : 9.684813342403231e-7
limitedmergers_a30s80 : 9.847236075444243e-7
limitedmergers_a40s80 : 9.769803899217777e-7
limitedmergers_a50s80 : 9.587972265023836e-7
limitedmergers_a60s80 : 9.95031507855515e-7
limitedmergers_a70s80 : 9.771658726620558e-7
limitedmergers_a80s80 : 9.641013782868413e-7
limitedmergers_a90s80 : 9.310718613875224e-7
limitedmergers_a10s90 : 9.784213155228372e-7
limitedmergers_a20s90 : 9.68228508924085e-7
limitedmergers_a30s90 : 9.893267591820631e-7
limitedmergers_a40s90 : 9.471492123935832e-7
limitedmergers_a50s90 : 9.860970200392671e-7
limitedmergers_a60s90 : 9.737468227299928e-7
limitedmergers_a80s90 : 9.519287740289428e-7
nopredentrypricing_a30s90 : 9.726649885521965e-7
nopredentrypricing_a40s90 : 9.76304086464097e-7
nopredentrypricing_a70s90 : 9.976445465298411e-7
nopredexitpricing_a90s90 : 6.603405699578957e-5
nopredexitbundling_a40s90 : 8.775370261560056e-7
