baseline_a2s90v10 : 0.004216025079136543
nopredentrypricing_a9s50v10 : 12.165298060463137
nopredexitpricing_a9s70v10 : 1.2010166271378324
nopredexitbundling_a5s50v10 : 0.00841615081681013
nopredexitbundling_a3s70v10 : 1.8007122836394274e-5
nopredexitbundling_a4s70v10 : 0.00016485554012035664
nopredexitbundling_a5s70v10 : 0.0008885171905532729
nopredexitbundling_a6s70v10 : 9.655572411304547e-5
nopredexitbundling_a2s80v10 : 0.00039121994342927735
nopredexitbundling_a8s80v10 : 0.0007911307645480647
nopredexitbundling_a9s80v10 : 0.05582571446368689
nopredexitbundling_a9s90v10 : 0.028524589783300414
baseline_a5s50v10 : 0.7321419927449817
baseline_a5s50v10 : 0.00027004272268271734
baseline_a2s50v10 : 1.8533173368479687
nomergers_a2s50v10 : 5.95195350858198
nopredexitbundling_a2s50v10 : 2.2778506516003354
nopredexitpricing_a8s40v2 : 0.5896640563031781
baseline_a5s50v10 : 0.8749677241285454
baseline_a5s50v10 : 0.00046239157842720147
baseline_a5s50v10 : 6.227901314125383
baseline_a5s50v10 : 0.9697305613421858
baseline_a5s50v10 : 0.853530267512967
baseline_a5s50v10 : 5.939154001461567
nopredexitbundling_a5s50v10 : 3.360303823639633
nopredexitbundling_a5s50v10 : 10.791101255253562
nopredexitbundling_a5s50v10 : 1.9606457874050527
nopredexitbundling_a5s50v10 : 6.049809342036465
nopredexitbundling_a5s50v10 : 3.9851048210035778
nopredentrybundling_a5s50v10 : 0.022187297176063936
baseline_a1s60v10 : 0.006376663694853235
baseline_a1s80v10 : 1.4084466232082553
baseline_a1s80v10 : 8.575789713648149
baseline_a1s80v10 : 0.4105274865962354
baseline_a1s80v10 : 1.4483434266412498
nopredexitpricing_a1s80v10 : 0.0802860279208133
baseline_a1s80v10 : 4.842476134683696
nopredentrybundling_a1s80v10 : 0.018995595643604757
nopredexitpricing_a1s80v10 : 9.487500753600765
baseline_a1s80v0 : 0.0004037123554709865
baseline_a1s80v0 : 9.774991012179157e-7
baseline_a1s80v0 : 0.6593862472368812
baseline_a1s80v0 : 0.006340583004341482
baseline_a1s80v0 : 0.0036462731037172347
baseline_a1s80v0 : 4.95742958334134
baseline_a1s80v0 : 0.3586688150662356
baseline_a1s80v10 : 0.9954522683025537
baseline_a1s80v10 : 1.72109350416902
baseline_a3s60v10 : 0.8434952944110705
baseline_a3s90v10 : 0.8056886247599593
baseline_a1s90v10 : 1.0320061345678884
nopredexitbundling_a7s70v10 : 0.0015375851104693083
