baseline_a2s90v10 : 0.1825650779664727
datasharing_a7s80v10 : 7.69553898241071e-5
limitedmergers_a7s30v10 : 0.3822931222672139
nopredentrypricing_a9s50v10 : 13.556131702074786
nopredexitpricing_a9s70v10 : 0.07313120323980371
nopredexitbundling_a5s50v10 : 0.031825175955461305
nopredexitbundling_a3s70v10 : 0.00022946050275152174
nopredexitbundling_a4s70v10 : 0.0004948532883943813
nopredexitbundling_a5s70v10 : 0.0008957978562627034
nopredexitbundling_a6s70v10 : 7.705711133443316e-5
nopredexitbundling_a2s80v10 : 4.967692595592155e-5
nopredexitbundling_a8s80v10 : 0.03830335510714988
nopredexitbundling_a9s80v10 : 0.007840989851253255
nopredexitbundling_a9s90v10 : 0.03894924123784449


baseline_a2s90v10 : 0.0024445242604329565
nomergers_a9s30v10 : 1.5968016704448473e-6
datasharing_a7s80v10 : 5.5557555633356515e-5
limitedmergers_a8s30v10 : 0.0002506835200222213
nopredentrypricing_a9s50v10 : 1.6231034087422334
nopredexitpricing_a9s70v10 : 0.0946175193365768
nopredexitpricing_a9s80v10 : 1.98191439217954e-5
nopredexitbundling_a5s50v10 : 0.008612662120185632
nopredexitbundling_a3s70v10 : 0.001165321319430035
nopredexitbundling_a4s70v10 : 5.487705880824478e-5
nopredexitbundling_a5s70v10 : 0.0004924547299847148
nopredexitbundling_a6s70v10 : 0.0003855237788279453
nopredexitbundling_a2s80v10 : 0.0001400506036901561
nopredexitbundling_a8s80v10 : 0.0016249509982131372
nopredexitbundling_a9s80v10 : 0.0012432932230055371
nopredexitbundling_a9s90v10 : 0.45580232104030216
