baseline_a20g80s70 : 0.001707658462491768
baseline_a60g20s90 : 9.407566565755587e-7
baseline_a60g40s90 : 9.365041631070881e-7
baseline_a20g60s90 : 9.375626319751973e-7
baseline_a60g60s90 : 9.978003028265903e-7
baseline_a60g80s90 : 9.622271210929512e-7
baseline_a60g100s90 : 9.715299871260186e-7
nomergers_a60g100s70 : 6.086797400328692e-6
datasharing_a40g0s90 : 8.932176731590857e-7
datasharing_a60g40s90 : 9.363408111084937e-7
datasharing_a60g60s90 : 9.73171587759225e-7
datasharing_a60g80s90 : 9.460631220647997e-7
datasharing_a60g100s90 : 9.69257037297666e-7
limitedmergers_a20g0s50 : 9.614799818535857e-7
limitedmergers_a40g0s50 : 9.898041088973741e-7
limitedmergers_a20g0s70 : 9.979775050794615e-7
limitedmergers_a40g0s70 : 9.704459849046998e-7
limitedmergers_a60g0s70 : 9.905725608660987e-7
limitedmergers_a80g0s70 : 9.64111125156819e-7
limitedmergers_a20g80s70 : 0.0014644280382314356
limitedmergers_a60g100s70 : 0.00656463511635863
limitedmergers_a0g0s90 : 9.69821215335287e-7
limitedmergers_a20g0s90 : 9.909627127768772e-7
limitedmergers_a40g0s90 : 9.471492123935832e-7
limitedmergers_a60g0s90 : 9.737468227299928e-7
limitedmergers_a80g0s90 : 9.519287740289428e-7
limitedmergers_a60g20s90 : 9.802502791700363e-7
limitedmergers_a60g40s90 : 9.243151044557862e-7
limitedmergers_a60g60s90 : 8.478349382556871e-7
limitedmergers_a60g80s90 : 9.908353320042806e-7
limitedmergers_a80g80s90 : 0.0004318719738920507
limitedmergers_a20g100s90 : 9.566583436537712e-7
limitedmergers_a60g100s90 : 9.782366259258879e-7
nopredentrypricing_a40g0s90 : 9.76304086464097e-7
nopredentrypricing_a60g20s90 : 9.322235321462813e-7
nopredentrypricing_a60g60s90 : 8.893239389351493e-7
nopredentrypricing_a20g80s90 : 9.723137530670556e-7
nopredentrypricing_a60g80s90 : 9.735228729823575e-7
nopredentrypricing_a60g100s90 : 9.823022235622147e-7
nopredexitpricing_a60g20s90 : 9.83414548016981e-7
nopredexitpricing_a60g40s90 : 9.852861673209645e-7
nopredexitpricing_a60g60s90 : 9.850702404889944e-7
nopredexitpricing_a60g80s90 : 9.768983204594406e-7
nopredexitpricing_a60g100s90 : 9.677618173498104e-7
nopredentrybundling_a20g80s70 : 0.0025629217756857336
nopredentrybundling_a60g20s90 : 9.297802563423829e-7
nopredentrybundling_a40g40s90 : 9.773304228133384e-7
nopredentrybundling_a60g40s90 : 9.55398014923503e-7
nopredentrybundling_a60g60s90 : 9.232723439112078e-7
nopredentrybundling_a20g80s90 : 0.4715501471853516
nopredentrybundling_a60g80s90 : 9.555054774068594e-7
nopredentrybundling_a20g100s90 : 8.761021756953369e-7
nopredentrybundling_a60g100s90 : 9.307834130112269e-7
nopredexitbundling_a20g80s70 : 0.002545509222867004
nopredexitbundling_a40g0s90 : 8.775370261560056e-7
nopredexitbundling_a60g40s90 : 9.795122615230412e-7
nopredexitbundling_a60g60s90 : 9.694628264611538e-7
nopredexitbundling_a20g80s90 : 9.899106174771077e-7
nopredexitbundling_a60g80s90 : 9.741847915023527e-7
nopredexitbundling_a60g100s90 : 9.9850491075415e-7
