nopredexitbundling_a4s70v10 : 1.2719790122295294e-6
limitedmergers_a1s70v10 : 2.1056872308911068e-5
nopredexitbundling_a5s70v10 : 1.531948665700611e-6
