limitedmergers_a1s70v10 : 2.1056872308911068e-5
nopredexitbundling_a7s80v10 : 0.00015159016250265722
nopredexitbundling_a8s80v10 : 3.8940773492868175e-5
nopredexitbundling_a9s80v10 : 1.63523330343196e-5
nopredexitbundling_a3s90v10 : 5.991920406067663e-6
nopredexitbundling_a9s90v10 : 3.704740392151962e-5
