baseline_a90s90 : 9.614269145252763e-7
baseline_a90s150 : 9.245094183540914e-7
baseline_a90s150 : 9.978100763419206e-7
baseline_a70s70 : 9.770156199628843e-7
