nomergers_a8s90v10 : 0.004767795728930935
nomergers_a9s90v10 : 6.234429346108072e-6
limitedmergers_a9s90v10 : 2.0875668357080954
nopredexitbundling_a5s80v10 : 0.0005729505746394636
nopredexitbundling_a6s80v10 : 9.954399274647585e-6
nopredexitbundling_a7s80v10 : 2.355249101526624e-6
nopredexitbundling_a7s90v10 : 0.0001697258662574086
nopredexitbundling_a8s90v10 : 0.0004459227720197134
nopredexitbundling_a9s90v10 : 5.9729650971007686e-5
